Country	pop50	Latitude	Longitude	y	Abslat	Port	Spanish	French	Brit	WarDummy	LatAmerica	SubSahara	OutwarOr	OECD	Area	PrScEnroll	LifeExp	GDP60	Mining	EcoOrg	YrsOpen	Age	Buddha	Catholic	Confucian	EthnoL	Hindu	Jewish	Muslim	PrExports	Protestants	RuleofLaw	Popg	WorkPop	LabForce	HighEnroll	PublEdupct	RevnCoup	PolRights	CivlLib	English	Foreign	RFEXDist	EquipInv	NequipInv	stdBMP	BlMktPm
Algeria	8892.718	36.7630556	3.0505556	0.01369	36.72	1	0	1	0	0	0	0	1	0	2382	0.46	47.3	7.439	0.196	0	0	84	0	0	0	0.43	0	0.005	0.99	0.933	0.005	0.33333	0.028417	-1.3303	2855.52	0.003	0.0297	0.123	5.8333	5.8889	0	0.836	190	0.0507	0.1907	186.5555	0.131
Argentina	17150.336	-58.37	-34.61	0.006421	36.676	1	1	0	0	1	1	0	0	0	2767	0.98	65.2	8.0999	0.023	5	0.089	0	0	0.9	0	0.31	0	0.02	0	0.861	0.02	0.33333	0.015255	-0.93293	8110.334	0.109	0.0223	0.96	3.9444	3.5556	0	0.836	113	0.016	0.12	66.8497	0.16
Australia	8218.997	149.133	-35.3	0.018897	32.219	1	0	0	1	0	0	0	0	1	7687	1	70.7	8.9721	0.038	5	0.689	0	0	0.26	0	0.32	0	0	0	0.811	0.5	1	0.016453	-0.9019	4185.8271	0.131	0.0217	0	1	1	0.95	0	129	0.095	0.221	0.001	0
Austria	767.838	16.367	48.217	0.029221	48.231	0	0	0	0	0	0	0	0	1	84	1	68.8	8.5471	0.004	4	0.778	0	0	0.85	0	0.13	0	0	0	0.198	0.06	1	0.002369	-0.73355	3384.449	0.08	0.0248	0	1	1	0	0.98	100	0.10059	0.13391	0.001	0
Belgium	8639	4.35	50.833	0.028571	50.837	1	0	0	0	0	0	0	1	1	31	1	69.7	8.6223	0	5	0.778	88	0	0.75	0	0.55	0	0	0	0.238	0.13	1	0.002494	-0.95399	3525.736	0.09	0.0463	0	1	1	0	0.345	100	0.06348	0.17082	0.001	0
Bolivia	2766.028	-68.167	-16.5	0.012652	15.19	0	1	0	0	0	1	0	0	0	1099	0.64	42.8	7.0058	0.075	3	0.733	0	0	0.95	0	0.68	0	0	0	0.969	0.03	0.16667	0.025138	-1.0631	1184.031	0.036	0.0158	1.19	4.1111	3.6667	0	0.372	181	0.014	0.1195	236.0656	0.03
Botswana	430.413	-24.6463889	25.9119444	0.056195	21.536	0	0	0	1	0	0	1	0	0	582	0.42	45.7	6.2841	0.533	5	0.356	0	0	0.25	0	0.51	0	0	0	0.75	0.25	0.83333	0.03315	-0.82439	210.9185	0	0.03	0	2.0556	3	0	0	131	0.1309	0.153	23.3885	0.072
Brazil	53443.075	-47.91	-15.78	0.024047	19.557	1	0	0	0	0	1	0	0	0	8512	0.95	54.9	7.4645	0.017	3	0.089	0	0	0.9	0	0.07	0	0	0	0.858	0	0.66667	0.024529	-1.1348	23338.97	0.016	0.0041	0.12	3.3889	3.3889	0	0.998	97	0.0646	0.1644	15.5766	0.24
Cameroon	4887.591	3.8666667	11.5166667	0.012239	10.73	1	0	1	0	0	0	1	1	0	475	0.65	43.4	6.5468	0.088	5	0.156	0	0	0.16	0	0.89	0	0	0.16	0.915	0.17	0.5	0.026343	-0.71662	2587.055	0.002	0.0221	0.08	6.0556	5.5556	0	0.007	187	0.004	0.125	4.4726	0.05
Canada	13737	-75.71	45.42	0.02586	43.727	1	0	0	1	0	0	0	1	1	9976	1	71.1	8.894	0.034	5	0.956	0	0	0.46	0	0.75	0	0	0	0.488	0.26	1	0.013423	-0.98698	6674.685	0.16	0.0365	0	1	1	0.614	0.243	83	0.08605	0.14745	0.001	0
Chile	6090.833	-70.64	-33.46	0.013871	33.554	1	1	0	0	1	1	0	0	0	757	1	57.3	7.9718	0.155	5	0.422	0	0	0.89	0	0.14	0	0	0	0.956	0.11	0.83333	0.018302	-1.1215	2480.6411	0.042	0.0262	0.2	5.7778	4.6667	0	0.931	100	0.0152	0.13	331.3571	0.54
Colombia	11591.658	-74.09	4.63	0.021168	4.788	1	1	0	0	1	1	0	0	0	1139	0.77	53.2	7.4128	0.062	3	0.089	0	0	0.95	0	0.06	0	0	0	0.919	0	0.33333	0.02444	-1.1953	4823.1411	0.017	0.023	0	2.1111	2.8889	0	0.98	81	0.016	0.1644	14.6629	0.184
Congo	767.838	15.233	-4.233	0.022322	3.684	1	0	1	0	0	0	1	1	0	342	0.78	47.3	6.9689	0.168	1	0	0	0	0.25	0	0.66	0	0	0.02	0.71	0.25	0.33333	0.027473	-0.77414	455.5668	0.005	0.0311	0.36	6.5556	6.1667	0	0	191	0.0498	0.2384	4.4767	0.05
CostaRica	866.982	-84.067	9.983	0.019617	9.941	1	1	0	0	0	1	0	0	0	51	0.96	61.9	7.6074	0.035	3	0.422	76	0	0.95	0	0.07	0	0	0	0.803	0	0.66667	0.030175	-1.1967	373.5192	0.049	0.035	0	1	1	0.016	0.891	91	0.031	0.1161	15.9528	0.221
Cyprus	494	35.1666667	33.3666667	0.045286	35.081	1	0	0	1	1	0	0	0	0	9	1	68.8	7.6202	0.004	5	1	0	0	0	0	0.35	0	0	0.18	0.843	0	0.33333	0.006819	-0.89135	234.9873	0.009	0.0118	0.12	2.1111	2.8333	0	0.003	92	0.0551	0.2578	3.0204	0.03
Denmark	13568.762	12.567	55.717	0.022955	55.718	1	0	0	0	0	0	0	0	1	43	1	72.2	8.817	0.006	4	0.778	0	0	0.01	0	0.05	0	0	0	0.46	0.92	1	0.003714	-0.78373	2092.143	0.104	0.0339	0	1	1	0	0.005	112	0.0735	0.1926	0.001	0
DominicanRep.	2352.968	18.4666667	-69.9	0.018829	18.561	1	0	1	0	1	1	0	0	1	49	0.98	52.2	7.0432	0.024	3	0	0	0	0.95	0	0.04	0	0	0	0.804	0	0.5	0.026829	-1.2708	906.6187	0.013	0.0187	0.36	2.1667	2.5556	0.001	0.87	129	0.021	0.1508	38.4014	0.369
Ecuador	3369.955	-0.2166667	-78.5	0.022043	2.062	1	1	0	0	0	1	0	1	0	284	0.83	53.4	7.2661	0.098	3	0.844	0	0	0.95	0	0.53	0	0	0	0.983	0	0.66667	0.029481	-1.1501	1397.156	0.026	0.0155	0.56	3.7222	3.1111	0	0.714	113	0.027	0.2172	24.0514	0.201
ElSalvador	1939.8	13.7086111	-89.2030556	0.008475	13.775	1	1	0	0	1	1	0	0	0	21	0.8	50.8	7.2291	0.002	3	0.4	0	0	0.75	0	0.17	0	0	0	0.713	0.2	0.16667	0.022344	-1.1202	838.334	0.011	0.0224	0.56	3.2778	3.7778	0	0.923	132	0.013	0.0674	33.5551	0.19
Ethiopia	20174.562	9.0333333	38.7	-0.000553	9.007	0	0	0	0	1	0	1	0	0	1222	0.07	42.2	5.5175	0.001	0	0	0	0	0	0	0.69	0	0	0.42	0.983	0	0.5	0.022771	-0.67002	12378.53	0.001	0.0095	0.72	6.6667	6.6111	0	0.002	98	0.006	0.0488	70.0233	0.156
Finland	4009	24.94	60.17	0.026392	60.212	1	0	0	0	0	0	0	0	1	338	0.97	68.5	8.5912	0.004	4	0.778	76	0	0	0	0.16	0	0	0	0.333	0.89	1	0.004215	-0.78329	2024.067	0.074	0.0446	0	1.8333	1.9444	0	0	126	0.11696	0.25214	0.001	0
France	41828.67	2.34	48.86	0.026735	48.857	1	0	0	0	0	0	0	0	1	552	1	70.4	8.6963	0.005	4	0.8	90	0	0.9	0	0.26	0	0.01	0.01	0.253	0.02	1	0.007078	-0.8391	19740.06	0.075	0.0231	0	1	1.8611	0	1.004	98	0.081263	0.18114	0.001	0
GermanyWest	68376	7.1	50.733	0.025723	48.161	1	0	0	0	0	0	0	1	1	249	1	69.4	8.8039	0.005	5	0.8	76	0	0.37	0	0.03	0	0	0	0.109	0.45	1	0.002908	-0.75035	26175.46	0.061	0.0211	0.08	1	1.6389	0	0.949	109	0.077871	0.20793	0.001	0
Ghana	5297.454	5.55	-0.2166667	-0.001592	6.694	1	0	0	1	0	0	1	0	0	239	0.38	45.2	6.7719	0.016	3	0.222	0	0	0.12	0	0.71	0	0	0.3	0.994	0.12	0.16667	0.027276	-0.83425	2941.271	0.002	0.026	0.547	5.8889	5	0	0	248	0.00443	0.08667	588.6267	0.35
Greece	7566	23.733	38	0.037119	38.058	1	0	0	0	1	0	0	0	1	132	1	68.8	7.6334	0.017	4	0.8	86	0	0	0	0.1	0	0	0.01	0.654	0	0.5	0.006873	-0.90017	3384.926	0.039	0.0137	0.2	1.9444	2.2222	0	0	116	0.06836	0.22514	3.5865	0.007
Guatemala	2968.976	-90.367	14.633	0.008223	14.622	1	1	0	0	1	1	0	0	0	109	0.45	45.9	7.4012	0.003	3	0.422	90	0	0.95	0	0.64	0	0	0	0.72	0.03	0.16667	0.027946	-1.1401	1267.687	0.016	0.0156	0.507	4	4.1111	0	0.588	109	0.02	0.0681	41.5205	0
Haiti	3097.22	18.5391667	-72.335	-0.008706	18.932	1	0	1	0	1	1	0	0	0	28	0.46	42.4	6.7696	0.002	3	0	0	0	0.8	0	0.01	0	0	0	0.744	0.16	0	0.017617	-0.62923	2029.131	0.004	0.0153	0.16	6.5	5.6667	0	0.075	114	0.0027	0.0683	0.001	0
Honduras	1431.447	14.1	-87.2166667	0.008658	14.194	1	1	0	0	1	1	0	1	0	112	0.67	46.8	6.9068	0.014	3	0.356	80	0	0.97	0	0.16	0	0	0	0.919	0.02	0.16667	0.033245	-1.141	618.2325	0.011	0.0211	0.32	4.0556	3	0.003	0.843	156	0.0446	0.0939	10.9696	0
HongKong	2237	114.15	22.283	0.060658	22.704	1	0	0	1	0	0	0	1	0	1	0.87	66	7.7062	0.001	5	1	0	0.3	0.05	0.3	0.02	0	0	0	0.041	0.05	1	0.021764	-0.94315	1197.405	0.044	0.0168	0	3.61	2.11	0.004	0.98	116	0.0684	0.1307	0.51302	0.002
India	369880	77.21	28.67	0.015311	25.274	1	0	0	1	1	0	0	0	0	3288	0.61	42.5	6.4998	0.017	3	0.022	0	0.01	0.01	0	0.89	0.83	0	0.11	0.48	0.01	0.5	0.022118	-0.81509	195781.5	0.025	0.021	0.12	2	3.0556	0	0	94	0.0137	0.1545	21.6423	0.523
Ireland	2969	-6.25	53.333	0.034968	54.611	1	0	0	1	0	0	0	1	1	70	1	69.7	8.0542	0.009	5	0.644	78	0	0.93	0	0.04	0	0	0	0.593	0.03	0.83333	0.008975	-0.92938	1118.863	0.081	0.0286	0	1	1.2222	0.742	0	119	0.07283	0.18697	0.001	0
Israel	1286.131	35.217	31.783	0.031091	32.084	1	0	0	1	1	0	0	0	0	21	0.98	71.7	8.1161	0.006	4	0.222	79	0	0.01	0	0.2	0	0.82	0.14	0.295	0.01	0.16667	0.026064	-1.0244	758.926	0.102	0.0368	0	2	2.3333	0	0.338	110	0.1112	0.1747	13.8509	0.21
Italy	47104	12.5	41.883	0.031578	45.415	1	0	0	0	0	0	0	1	1	301	1	69.4	8.4468	0.002	3	0.8	81	0	1	0	0.04	0	0	0	0.168	0	0.83333	0.004732	-0.88479	20722.56	0.066	0.0303	0.04	1.2222	1.5556	0	0.006	92	0.06034	0.18906	0.001	0
Jamaica	1384.55	-76.8	17.99	0.010634	18.055	1	0	0	1	1	1	0	0	0	11	0.92	63	7.4922	0.089	5	0.422	0	0	0.05	0	0.05	0	0	0	0.471	0.56	0.16667	0.014329	-0.8916	667.89	0.017	0.0201	0	1.7222	2.6111	0.94	0	139	0.046	0.1604	29.0476	0.02
Japan	83625	139.77	35.67	0.051833	35.712	1	0	0	0	0	0	0	1	1	378	1	67.7	7.9983	0.003	5	0.733	0	0.87	0	0	0.01	0	0	0	0.067	0.01	1	0.009468	-0.74402	44714.421	0.095	0.0317	0	1.4444	1	0	0	118	0.1223	0.2377	0.001	0
Jordan	561.254	35.93	31.95	0.019935	31.602	1	0	0	1	1	0	0	0	0	89	0.77	47.2	7.0397	0.037	5	0.667	0	0	0.04	0	0.05	0	0	0.92	0.838	0.04	0.16667	0.028379	-1.3509	439.005	0.006	0.0329	0.2	5.7222	5.6667	0	1	116	0.0346	0.142	3.5906	0.021
Kenya	6121.184	36.82	-1.29	0.00963	0.513	1	0	0	1	0	0	1	1	0	580	0.47	45	6.4646	0.002	5	0.044	79	0	0.28	0	0.83	0	0	0.06	0.874	0.38	0.33333	0.035654	-0.80833	3712.739	0.001	0.0361	0.05	5.3333	4.8333	0	0	131	0.028	0.1465	12.4476	0.014
Korea	18858.67	37.5663889	126.9997222	0.066179	37.553	1	0	0	0	0	0	0	1	1	99	0.94	54.2	6.7833	0.007	3	0.6	0	0.16	0.12	0.6	0	0	0	0	0.234	0.12	0.5	0.018594	-1.0844	8453.514	0.047	0.0352	0.4	4.4444	5.1667	0	0	110	0.062	0.1617	28.1956	0.602
Madagascar	4620.437	-18.9166667	47.5166667	-0.020769	18.958	1	0	1	0	0	0	1	0	0	587	0.52	41	7.0588	0.078	1	0	0	0	0.2	0	0.06	0	0	0.07	0.928	0.21	0.66667	0.026986	-0.6706	2715.022	0.002	0.0206	0.1	5.2222	5.0556	0	0	120	0.01	0.0611	4.799	0.05
Malawi	2816.6	-13.9833333	33.7833333	0.006819	15.811	0	0	0	1	0	0	1	1	0	118	0.67	37.9	5.9054	0.089	5	0	0	0	0.2	0	0.62	0	0	0.2	0.963	0.55	0.16667	0.030129	-0.69796	1756.03	0	0.0118	0	6.3889	6.5556	0	0	116	0.018	0.1143	32.6426	0.086
Malaysia	6433.799	101.71	3.16	0.043088	3.269	1	0	0	1	0	0	0	1	0	330	0.96	54.3	7.2306	0.103	5	1	0	0.27	0.01	0.01	0.72	0.07	0	0.54	0.926	0.02	0.66667	0.026187	-1.061	2817.254	0.012	0.0281	0.04	3.1111	4.0556	0	0.309	88	0.04	0.1924	2.1525	0.018
Mexico	27737.1	-99.138	19.434	0.021101	16.759	1	1	0	0	0	1	0	0	0	1958	0.8	57.3	7.9367	0.032	3	0.2	0	0	0.89	0	0.3	0	0	0	0.675	0.06	0.66667	0.028529	-1.2406	10995.38	0.026	0.0134	0	3.6667	3.6667	0	0.88	71	0.022	0.1739	14.5146	0
Morocco	9343.384	-6.84	34.02	0.028471	33.593	1	0	1	0	1	0	0	0	0	447	0.47	46.9	6.6733	0.029	3	0.444	0	0	0	0	0.53	0	0	0.99	0.903	0.01	0.16667	0.025559	-1.2698	3265.743	0.005	0.0305	0.08	4.1667	4.6111	0	0.74	123	0.015	0.0684	9.0524	0.179
Netherlands	10114	4.89	52.37	0.023901	51.874	1	0	0	0	0	0	0	1	1	37	1	73.3	8.7167	0.027	4	0.8	76	0	0.36	0	0.1	0	0	0	0.433	0.27	1	0.00854	-1.0362	4073.104	0.132	0.0412	0	1	1	0	0	105	0.08081	0.17779	0.001	0
Nicaragua	1097.916	12.1508333	-86.2683333	-0.007729	12.211	1	1	0	0	1	1	0	0	0	130	0.66	47.3	7.3011	0.039	3	0.333	81	0	0.95	0	0.1	0	0	0	0.839	0.05	0.16667	0.031694	-1.2154	442.8238	0.012	0.0165	0.2	5.1111	4.7222	0.009	0.646	103	0.0139	0.1262	142.2124	0.32
Nigeria	18858.67	9.1758333	7.1808333	0.011234	6.543	1	0	0	1	1	0	1	1	0	924	0.36	39.7	6.3226	0.208	4	0	0	0	0.2	0	0.87	0	0	0.5	0.988	0.2	0.16667	0.031227	-1.0421	14920.97	0.001	0.0136	0.52	4.8889	4.0556	0	0.002	277	0.02	0.1	45.1837	0.086
Norway	3265	10.75	59.91	0.03122	59.977	1	0	0	0	0	0	0	0	1	324	1	73.4	8.6405	0.079	4	0.778	80	0	0.02	0	0.04	0	0	0	0.446	0.9	1	0.005482	-0.93496	1405.901	0.069	0.0349	0	1	1	0	0	107	0.10136	0.19054	0.001	0
Pakistan	39448.232	27.0888889	68.0888889	0.026603	31.173	1	0	0	1	1	0	0	0	0	796	0.3	43.3	6.4329	0.006	3	0	0	0	0.01	0	0.64	0.01	0	0.97	0.428	0.01	0.16667	0.030556	-1.0694	17144.56	0.01	0.0154	0.32	4.9444	4.7778	0	0	77	0.015	0.1073	35.2203	0.61
Panama	892.502	-79.53	8.97	0.025958	9.206	1	1	0	0	0	1	0	0	0	77	0.96	60.9	7.3159	0.001	3	0.276	0	0	0.93	0	0.28	0	0	0	0.964	0.06	0.16667	0.024991	-1.0978	382.9728	0.046	0.0365	0.16	5.7222	4.8333	0.14	0.695	129	0.0388	0.2231	0.001	0
Paraguay	1475.669	-57.63	-25.3	0.019138	25.583	0	1	0	0	0	1	0	0	0	407	0.98	63.9	7.0967	0.005	3	0.133	0	0	0.9	0	0.14	0	0	0	0.911	0.05	0.16667	0.029773	-1.1379	568.567	0.024	0.0138	0.08	4.9444	5.2222	0	0.036	141	0.01	0.107	45.9186	0.101
Peru	7632.5	-77.05	-12.07	0.000369	11.794	1	1	0	0	1	1	0	0	0	1285	0.83	48	7.5684	0.022	3	0.489	0	0	0.95	0	0.59	0	0	0	0.985	0	0.33333	0.026207	-1.1397	3176.927	0.041	0.0245	0.28	3.7778	3.7778	0	0.564	83	0.02	0.1006	33.2265	0.023
Philippines	21131.264	14.6041667	120.9822222	0.012533	13.922	1	0	0	0	1	0	0	0	0	300	0.95	53.1	7.0139	0.019	3	0.156	0	0.02	0.83	0	0.74	0	0	0.05	0.924	0.09	0.16667	0.027496	-0.96338	10517.28	0.127	0.0233	0.44	4.2778	4.2778	0	0.012	92	0.03	0.1193	20.9833	0.34
Portugal	8405	-9.14	38.72	0.040205	38.816	1	0	0	0	0	0	0	0	1	92	1	63.7	7.5305	0.027	4	0.778	0	0	0.97	0	0.01	0	0	0	0.361	0.01	1	0.005991	-0.96732	3354.763	0.035	0.0138	0.28	2.2222	2.3889	0	1	92	0.05694	0.16866	6.7826	0.002
Senegal	2653.637	14.6708333	-17.4380556	0.001353	14.772	1	0	1	0	0	0	1	0	0	197	0.27	39.6	6.9246	0.005	4	0	0	0	0.02	0	0.72	0	0	0.92	0.811	0	0.16667	0.027802	-0.86584	1340.771	0.005	0.0187	0.04	4.3333	4	0	0.001	146	0.0114	0.0847	4.4896	0.05
Singapore	1022.1	103.85	1.3	0.061622	1.355	1	0	0	1	0	0	0	1	0	1	1	63.7	7.4103	0.001	4	1	0	0.46	0	0.15	0.42	0.06	0	0.15	0.695	0	1	0.016857	-1.1132	536.769	0.064	0.0334	0	4.5	4.9444	0.089	0.713	87	0.1482	0.1742	1.7922	0.018
Spain	28008.75	-3.71	40.42	0.035708	37.398	1	0	0	0	0	0	0	0	1	505	1	68.9	8.0599	0.006	5	0.778	77	0	0.99	0	0.44	0	0	0	0.465	0	0.83333	0.00883	-0.96837	11563.76	0.04	0.0097	0.08	2.3889	2.8889	0	0.728	89	0.04708	0.13032	0.001	0
SriLanka	7533.097	6.9319444	79.8477778	0.021205	6.868	1	0	0	1	1	0	0	1	0	66	0.95	62.3	7.1444	0.014	2	0.4	0	0.69	0.04	0	0.47	0.15	0	0.08	0.986	0.04	0.33333	0.019052	-1.0244	3550.151	0.006	0.0382	0.08	2.4444	3.4444	0.009	0	51	0.011	0.1372	268.4733	0.871
Sweden	7014	18.07	59.33	0.019165	59.278	1	0	0	0	0	0	0	0	0	450	0.96	73.2	8.9233	0.003	4	0.778	90	0	0.02	0	0.08	0	0	0	0.251	0.95	1	0.003828	-0.82691	3271.752	0.091	0.0412	0	1.0556	1	0	0	142	0.051	0.1943	0.001	0
Switzerland	4694	7.44	46.95	0.016838	47.408	0	0	0	0	0	0	0	1	1	41	1	71.3	9.1734	0.033	5	1	0	0	0.48	0	0.5	0	0	0	0.104	0.44	1	0.007048	-0.761	2505.126	0.067	0.0297	0	1	1	0	0.84	127	0.053	0.2449	0.001	0
Taiwan	68376	25.0166667	121.45	0.060895	25.259	1	0	0	0	0	0	0	1	0	36	0.96	65.4	7.2145	0.022	3	0.711	0	0.31	0.02	0.31	0.42	0	0	0	0.163	0.02	1	0.021919	-1.093	3617.479	0.046	0.0142	0.05	5.1667	4.6667	0	0.99	116	0.0519	0.1554	0.001	0.154
Tanzania	7934.924	-7.2833333	36.35	0.015113	2.154	1	0	0	1	1	0	1	0	0	945	0.25	40.6	5.743	0.002	0	0	0	0	0.16	0	0.93	0	0	0.35	0.872	0.16	0.5	0.033545	-0.59675	5520.315	0	0.0265	0.05	6	6	0	0	216	0.0149	0.1656	83.9784	0.014
Thailand	20041.628	13.75	100.5166667	0.045715	13.77	1	0	0	0	1	0	0	0	0	513	0.83	52.7	6.8276	0.017	3	1	0	0.95	0	0	0.66	0	0	0.04	0.92	0.01	0.5	0.025667	-0.67472	13441.45	0.019	0.0181	0.44	3.9444	3.7778	0	0.023	75	0.023	0.1578	4.5632	0.027
Tunisia	3517.21	10.22	36.84	0.032771	36.816	1	0	1	0	0	0	0	0	0	164	0.66	48.6	6.981	0.079	4	0.133	0	0	0	0	0.16	0	0.01	0.98	0.808	0.01	0.5	0.022372	-1.2737	1181.036	0.006	0.0369	0	5.6111	4.8889	0	0.986	104	0.033	0.1059	39.5923	0.848
Turkey	21484	32.85	39.93	0.027146	41.202	1	0	0	0	1	0	0	0	1	779	0.75	50.5	7.374	0.02	3	0.133	0	0	0	0	0.25	0	0	1	0.911	0	0.5	0.024306	-0.67806	13963.57	0.029	0.0268	0.307	3.3333	3.8889	0	0.014	99	0.039	0.1631	20.2742	0.749
Uganda	5521.758	32.58	0.32	-0.009365	0.228	0	0	0	1	1	0	1	1	0	236	0.49	43.2	6.5191	0.001	3	0.156	0	0	0.33	0	0.9	0	0	0.16	0.996	0.33	0.16667	0.034838	-0.70259	3250.158	0.002	0.019	0.43	5.7778	5.6111	0	0	155	0.0048	0.0371	319.5108	0.014
UnitedKingdom	49816	-0.1	51.52	0.020676	51.51	1	0	0	0	0	0	0	1	1	245	0.92	70.8	8.7809	0.022	4	0.778	0	0	0.15	0	0.32	0	0.01	0	0.167	0.84	1	0.002768	-0.77068	24232.53	0.09	0.0345	0.24	1	1	0.974	0	99	0.0686	0.1158	0.001	0
UnitedStates	157813	-77	38.867	0.01958	34.36	1	0	0	1	1	0	0	0	1	9373	1	69.8	9.1875	0.018	5	1	0	0	0.28	0	0.5	0	0.02	0	0.298	0.56	1	0.011011	-0.90387	73171.76	0.321	0.0383	0	1	1	0.886	0.089	90	0.0667	0.1451	0.001	0
Uruguay	2194.275	-56.17	-34.87	0.005947	34.822	1	1	0	0	0	1	0	0	0	177	1	67.3	8.255	0.001	3	0.111	77	0	0.66	0	0.2	0	0.02	0	0.796	0.02	0.5	0.006722	-0.90288	1028.905	0.079	0.0241	0	4.2222	4.1667	0	1	92	0.015	0.1035	27.9394	0.021
Venezuela	5009.006	-66.93	10.54	0.001719	9.843	1	1	0	0	0	1	0	1	0	912	1	59.8	8.727	0.11	3	0.311	87	0	0.96	0	0.11	0	0	0	0.985	0.02	0.5	0.032619	-1.1451	2387.136	0.043	0.018	0.32	1.2222	2.0556	0	0.969	109	0.035	0.0795	48.9034	0.304
Zaire	13568.762	-4.3297222	15.315	-0.014437	0.569	1	0	0	0	1	0	1	1	0	2345	0.6	42.1	6.1312	0.047	3	0	0	0	0.5	0	0.9	0	0	0.1	0.932	0.2	0.16667	0.027784	-0.74339	7279.905	0.001	0.027	0.267	6.5556	6.3889	0	0	201	0.0091	0.0569	84.944	1.855
Zambia	2553	-15.4166667	28.2833333	-0.012079	12.942	0	0	0	1	0	0	1	1	0	753	0.42	41.8	6.8565	0.204	1	0.044	76	0	0.31	0	0.82	0.18	0	0.19	0.998	0.31	0.5	0.033396	-1.0153	1137.984	0	0.0159	0.05	5.1111	5.1111	0	0	206	0.0372	0.2803	61.9765	0.086
Zimbabwe	2853.151	-17.8177778	31.0447222	0.004561	17.876	0	0	0	1	1	0	1	1	0	391	0.96	45.5	6.9177	0.06	3	0	0	0	0.25	0	0.54	0	0	0.01	0.656	0.25	0.16667	0.030956	-0.81735	1683.379	0	0.0163	0.3	4.8333	5.0556	0.074	0	164	0.0086	0.2026	101.3385	0.086